8000.0,40000.0
0.01,8000.0,7.657536078066175,37.904362208317515
0.01,8200.0,7.237712217775888,36.27323283628284
0.01,8400.0,1.9284645104741382,37.391343597544555
0.01,8600.0,6.319774910300615,42.97647706255277
0.01,8800.0,6.638675108085274,52.655979498252194
0.01,9000.0,12.619114415389376,55.566434698601185
0.01,9200.0,2.017304376726756,43.867482062960086
0.01,9400.0,-2.172649331399372,70.11900438673499
0.01,9600.0,12.0149694976873,170.33949897272862
0.01,9800.0,4.692653064036384,69.2999196526495
0.01,10000.0,9.022468720482985,106.17162905467329
0.01,11000.0,19.576884210608515,121.96454213376794
0.01,12000.0,82.60950512241583,405.177639022584
0.01,13000.0,71.07398525093735,450.1130774311097
0.01,14000.0,49.77306582456769,609.1327126932202
0.01,15000.0,93.8067697871052,776.6635390470472
0.01,16000.0,437.3257010844356,1650.691753698924
0.01,17000.0,378.873409923771,1352.7837899173928
0.01,18000.0,580.6234742724353,1863.18089119345
0.01,19000.0,404.23102584172466,1711.6155821907785
0.01,20000.0,645.6854865190943,2425.734676389886
0.01,22000.0,1325.5834355611603,3503.5215259314027
0.01,24000.0,669.5116619865457,2493.546043740635
0.01,26000.0,827.6148155293081,3820.2834619175187
0.01,28000.0,834.0140085372874,3206.1053772666664
0.01,30000.0,390.03948062694843,5038.046528233186
0.01,32000.0,4337.434211545658,10232.988730261095
0.01,34000.0,1495.6234775523278,5213.108030627189
0.01,36000.0,1524.8672316724562,5329.820886837877
0.01,38000.0,-450.536743894319,3480.5715327576004
0.01,40000.0,116.06586058508495,4596.777906892624
0.1,8000.0,10.368520063914659,45.58216925702435
0.1,8200.0,19.994772608956477,78.6888373985404
0.1,8400.0,6.367059405115054,42.95521078757633
0.1,8600.0,5.749081489561142,46.29057570890539
0.1,8800.0,11.626811130837675,70.23535433737861
0.1,9000.0,11.449583067960011,59.129001380121636
0.1,9200.0,6.8516629833953075,66.85200974196893
0.1,9400.0,2.196847642671098,96.4818892583906
0.1,9600.0,18.43529658399529,221.49944349933608
0.1,9800.0,-1.5487889271490596,88.97709763498872
0.1,10000.0,11.93339963556477,140.44090568720705
0.1,11000.0,22.208392761472123,137.4384921851025
0.1,12000.0,88.01564459432151,584.0207511234154
0.1,13000.0,105.66190529968414,835.8242800298611
0.1,14000.0,182.72813861486742,928.3825374434831
0.1,15000.0,250.52274329932388,1105.562954983487
0.1,16000.0,589.7910449130827,2201.029297162232
0.1,17000.0,505.79105557215735,1678.607626772587
0.1,18000.0,742.6199061251959,2554.039922092665
0.1,19000.0,764.0703610891532,2727.6583134512116
0.1,20000.0,685.2940432067675,2678.2642909062433
0.1,22000.0,1586.499966620882,4340.38157824355
0.1,24000.0,1269.234166455459,3564.235847976184
0.1,26000.0,1383.3299139460378,4340.48328430864
0.1,28000.0,782.5634223740516,4051.406244433897
0.1,30000.0,426.37916483687513,5998.719505468826
0.1,32000.0,7343.371655155068,18684.348979825274
0.1,34000.0,1051.1823520929595,5480.1884673626655
0.1,36000.0,2287.2035633323762,5694.096265383735
0.1,38000.0,348.3746606925144,4546.325997627922
0.1,40000.0,2911.67572726044,8513.313228282643
1,8000.0,23.714533166879534,61.54339160091257
1,8200.0,23.546013830750834,72.58131810867825
1,8400.0,14.250748579940831,56.45314923441748
1,8600.0,3.436058378842375,66.84165390261278
1,8800.0,29.88511504931102,97.4426049615825
1,9000.0,16.70999367606496,72.07345545442506
1,9200.0,20.190428813766033,85.6097269317078
1,9400.0,21.144388930349564,115.76869740890493
1,9600.0,30.03797431378565,231.30117368325458
1,9800.0,16.31030513612338,107.17090858347298
1,10000.0,28.632466276257524,154.78058167809945
1,11000.0,10.741980844087811,221.28108484955044
1,12000.0,126.09619485018754,854.7475089800988
1,13000.0,200.91682247154546,1121.9090778275274
1,14000.0,327.69449301996065,1239.9874814190625
1,15000.0,527.584531044985,1905.893678630668
1,16000.0,859.4843255601181,2867.2479611551253
1,17000.0,984.4377955700694,2469.171520807419
1,18000.0,1051.7160839349444,2788.6200308800912
1,19000.0,735.9518620005339,3157.3208448267887
1,20000.0,1403.211354752971,5078.789539930102
1,22000.0,2159.4089684689757,4272.785815930368
1,24000.0,1900.5059990848174,4453.632126501786
1,26000.0,1386.62991158578,4311.315939908736
1,28000.0,1754.2332146418632,4608.3511642881285
1,30000.0,374.8326887691635,6198.984744050404
1,32000.0,7542.980863460481,19133.142751778196
1,34000.0,1857.6385916882778,5745.070905888027
1,36000.0,1771.6480251073444,7693.7816444096015
1,38000.0,4618.132206498127,7282.110102658622
1,40000.0,4231.3602976254015,9622.57355933579
2,8000.0,30.50845584783482,63.79798507369372
2,8200.0,35.910515427057916,77.05411289322743
2,8400.0,26.841603214800603,65.36408661518921
2,8600.0,27.089163841108853,79.79824328986699
2,8800.0,42.03042358213767,101.21822362375133
2,9000.0,34.34803438253634,76.70622479798328
2,9200.0,27.916102760840126,97.56533272235335
2,9400.0,22.79984760604399,116.9186133845911
2,9600.0,40.3780026387717,254.0116609571547
2,9800.0,24.639330633170797,128.43136508203816
2,10000.0,31.77656695361754,205.76939708917214
2,11000.0,29.904717515838616,230.55712364968562
2,12000.0,162.6390004921542,749.3218763738605
2,13000.0,300.43043724443163,1528.8261247490093
2,14000.0,336.63673506225,1215.3171330986481
2,15000.0,562.6560565634287,2045.8072740937541
2,16000.0,1030.0455254867948,3104.5562860533064
2,17000.0,1014.0320081565745,2542.2977711488475
2,18000.0,987.9072257664373,2770.600747704589
2,19000.0,947.9603554051885,3419.4464074703237
2,20000.0,1274.289300414776,5098.819455588128
2,22000.0,2449.355534931631,4670.306908641173
2,24000.0,1929.166472003383,4765.563528894935
2,26000.0,1899.9776676940526,4652.89919951292
2,28000.0,2393.5005912804845,5692.592598133909
2,30000.0,683.0750964011855,6346.8854083153055
2,32000.0,8899.617643848005,20218.00747344893
2,34000.0,3301.060437737217,6587.436089416042
2,36000.0,2539.631321838184,9193.37345008075
2,38000.0,4834.89487506073,8895.968554007775
2,40000.0,4580.774274260622,8607.320775949027
