0.99125,0.02875,0.0,0.0,0.0,0.0,0.0,0.0,0.0,0.0,0.0
0.00875,0.9375,0.00625,0.0,0.0,0.0,0.0,0.0,0.0,0.0,0.0
0.0,0.03375,0.9775,0.00875,0.00125,0.0,0.0,0.0,0.0,0.0,0.0
0.0,0.0,0.01625,0.97375,0.02125,0.0,0.0,0.0,0.0,0.0,0.0
0.0,0.0,0.0,0.01625,0.94625,0.0275,0.0,0.0,0.0,0.0,0.0
0.0,0.0,0.0,0.00125,0.02875,0.95375,0.02,0.00125,0.0,0.0,0.0
0.0,0.0,0.0,0.0,0.0025,0.01875,0.9725,0.02125,0.0,0.0,0.0
0.0,0.0,0.0,0.0,0.0,0.0,0.0075,0.97625,0.02375,0.0,0.0
0.0,0.0,0.0,0.0,0.0,0.0,0.0,0.00125,0.96,0.085,0.0
0.0,0.0,0.0,0.0,0.0,0.0,0.0,0.0,0.01625,0.90375,0.1575
0.0,0.0,0.0,0.0,0.0,0.0,0.0,0.0,0.0,0.01125,0.8425
