0.96875,0.0175,0.00125,0.0,0.0,0.0,0.0,0.0,0.0,0.0,0.0,0.0,0.0,0.0
0.03125,0.955,0.0225,0.0,0.0,0.0,0.0,0.0,0.0,0.0,0.0,0.0,0.0,0.0
0.0,0.025,0.905,0.04875,0.0,0.0,0.0,0.0,0.0,0.0,0.0,0.0,0.0,0.0
0.0,0.0025,0.07125,0.91125,0.03625,0.0025,0.0075,0.0,0.0,0.0,0.0,0.0,0.0,0.0
0.0,0.0,0.0,0.03875,0.90375,0.0325,0.005,0.0,0.0,0.0,0.0,0.0,0.0,0.0
0.0,0.0,0.0,0.00125,0.06,0.91,0.0375,0.01,0.0,0.0,0.0,0.0,0.0,0.0
0.0,0.0,0.0,0.0,0.0,0.05125,0.92625,0.0125,0.0,0.0,0.0,0.0,0.0,0.0
0.0,0.0,0.0,0.0,0.0,0.00375,0.02,0.96,0.02625,0.0025,0.0,0.0,0.0,0.0
0.0,0.0,0.0,0.0,0.0,0.0,0.00375,0.0175,0.94625,0.01875,0.0,0.0,0.0,0.0
0.0,0.0,0.0,0.0,0.0,0.0,0.0,0.0,0.02625,0.9225,0.0225,0.0,0.0,0.0
0.0,0.0,0.0,0.0,0.0,0.0,0.0,0.0,0.00125,0.05125,0.9225,0.08,0.0,0.0
0.0,0.0,0.0,0.0,0.0,0.0,0.0,0.0,0.0,0.005,0.055,0.8575,0.095,0.0
0.0,0.0,0.0,0.0,0.0,0.0,0.0,0.0,0.0,0.0,0.0,0.0625,0.84125,0.1125
0.0,0.0,0.0,0.0,0.0,0.0,0.0,0.0,0.0,0.0,0.0,0.0,0.06375,0.8875
