0.99,0.03,0.0,0.0,0.0,0.0,0.0,0.0,0.0,0.0,0.0,0.0,0.0
0.01,0.9475,0.02125,0.0,0.0,0.0,0.0,0.0,0.0,0.0,0.0,0.0,0.0
0.0,0.0225,0.8975,0.04625,0.00375,0.0,0.0,0.0,0.0,0.0,0.0,0.0,0.0
0.0,0.0,0.08125,0.93625,0.02125,0.0,0.0,0.0,0.0,0.0,0.0,0.0,0.0
0.0,0.0,0.0,0.01625,0.9025,0.01125,0.0,0.0,0.0,0.0,0.0,0.0,0.0
0.0,0.0,0.0,0.00125,0.0725,0.97625,0.03375,0.0,0.0,0.0,0.0,0.0,0.0
0.0,0.0,0.0,0.0,0.0,0.0125,0.9075,0.04,0.0,0.0,0.0,0.0,0.0
0.0,0.0,0.0,0.0,0.0,0.0,0.0575,0.93375,0.00125,0.0,0.0,0.0,0.0
0.0,0.0,0.0,0.0,0.0,0.0,0.00125,0.02625,0.93125,0.01625,0.0,0.0,0.0
0.0,0.0,0.0,0.0,0.0,0.0,0.0,0.0,0.06125,0.98,0.02625,0.0,0.0
0.0,0.0,0.0,0.0,0.0,0.0,0.0,0.0,0.00625,0.00375,0.9525,0.1275,0.00375
0.0,0.0,0.0,0.0,0.0,0.0,0.0,0.0,0.0,0.0,0.02125,0.8375,0.16375
0.0,0.0,0.0,0.0,0.0,0.0,0.0,0.0,0.0,0.0,0.0,0.035,0.8325
