0.9775,0.0275,0.00875,0.0,0.0,0.0,0.0,0.0,0.0,0.0,0.0,0.0
0.0225,0.95375,0.02,0.0,0.0,0.0,0.0,0.0,0.0,0.0,0.0,0.0
0.0,0.01875,0.9225,0.0225,0.0,0.0,0.0,0.0,0.0,0.0,0.0,0.0
0.0,0.0,0.04875,0.96375,0.06,0.00125,0.0,0.0,0.0,0.0,0.0,0.0
0.0,0.0,0.0,0.01375,0.89625,0.0375,0.0,0.0,0.0,0.0,0.0,0.0
0.0,0.0,0.0,0.0,0.04375,0.94625,0.0075,0.0,0.0,0.0,0.0,0.0
0.0,0.0,0.0,0.0,0.0,0.015,0.97125,0.01375,0.0,0.0,0.0,0.0
0.0,0.0,0.0,0.0,0.0,0.0,0.02125,0.96375,0.00875,0.0,0.0,0.0
0.0,0.0,0.0,0.0,0.0,0.0,0.0,0.0225,0.98375,0.055,0.0,0.0
0.0,0.0,0.0,0.0,0.0,0.0,0.0,0.0,0.0075,0.9325,0.14125,0.0075
0.0,0.0,0.0,0.0,0.0,0.0,0.0,0.0,0.0,0.0125,0.85,0.205
0.0,0.0,0.0,0.0,0.0,0.0,0.0,0.0,0.0,0.0,0.00875,0.7875
