0.9625,0.0325,0.005,0.0,0.0,0.0,0.0,0.0,0.0,0.0,0.0,0.0,0.0,0.0,0.0,0.0
0.0375,0.91625,0.03375,0.0,0.0,0.0,0.0,0.0,0.0,0.0,0.0,0.0,0.0,0.0,0.0,0.0
0.0,0.0475,0.85,0.03125,0.0,0.0,0.0,0.0,0.0,0.0,0.0,0.0,0.0,0.0,0.0,0.0
0.0,0.00375,0.10875,0.905,0.03,0.00375,0.0,0.0,0.0,0.0,0.0,0.0,0.0,0.0,0.0,0.0
0.0,0.0,0.00125,0.0625,0.9275,0.075,0.0,0.0,0.0,0.0,0.0,0.0,0.0,0.0,0.0,0.0
0.0,0.0,0.00125,0.00125,0.0325,0.855,0.04625,0.0075,0.00125,0.00125,0.0,0.0,0.0,0.0,0.0,0.0
0.0,0.0,0.0,0.0,0.00875,0.0575,0.895,0.055,0.0,0.0025,0.0,0.0,0.0,0.0,0.0,0.0
0.0,0.0,0.0,0.0,0.00125,0.00875,0.05,0.90125,0.0425,0.0025,0.0,0.0,0.0,0.0,0.0,0.0
0.0,0.0,0.0,0.0,0.0,0.0,0.005,0.02375,0.84625,0.04375,0.0,0.0,0.0,0.0,0.0,0.0
0.0,0.0,0.0,0.0,0.0,0.0,0.0025,0.00875,0.085,0.9025,0.03125,0.0,0.0,0.0,0.0,0.0
0.0,0.0,0.0,0.0,0.0,0.0,0.00125,0.00375,0.005,0.0375,0.87125,0.04625,0.0,0.0,0.0,0.0
0.0,0.0,0.0,0.0,0.0,0.0,0.0,0.0,0.01,0.0,0.0775,0.90125,0.065,0.0,0.0,0.0
0.0,0.0,0.0,0.0,0.0,0.0,0.0,0.0,0.0,0.01,0.01,0.04875,0.92,0.0825,0.0,0.0
0.0,0.0,0.0,0.0,0.0,0.0,0.0,0.0,0.01,0.0,0.00125,0.00375,0.015,0.8375,0.13875,0.005
0.0,0.0,0.0,0.0,0.0,0.0,0.0,0.0,0.0,0.0,0.00875,0.0,0.0,0.07875,0.74875,0.18
0.0,0.0,0.0,0.0,0.0,0.0,0.0,0.0,0.0,0.0,0.0,0.0,0.0,0.00125,0.1125,0.815
