1.0,0.12875,0.02,0.00125,0.0,0.0,0.0,0.0,0.0,0.0,0.0,0.0,0.0
0.0,0.7525,0.06875,0.00125,0.0,0.0,0.0,0.0,0.0,0.0,0.0,0.0,0.0
0.0,0.11625,0.8025,0.0975,0.0025,0.01125,0.0,0.0,0.0,0.0,0.0,0.0,0.0
0.0,0.0025,0.0825,0.75,0.105,0.0025,0.0,0.005,0.0,0.0,0.0,0.0,0.0
0.0,0.0,0.005,0.11625,0.78625,0.08625,0.0075,0.0075,0.0,0.0,0.0,0.0,0.0
0.0,0.0,0.0075,0.02625,0.08125,0.7875,0.04625,0.01,0.00125,0.0,0.0,0.0,0.0
0.0,0.0,0.00625,0.00625,0.01875,0.105,0.85,0.04875,0.0,0.0,0.0,0.0,0.0
0.0,0.0,0.0,0.00125,0.0025,0.0075,0.08,0.825,0.02,0.0,0.0,0.0,0.0
0.0,0.0,0.0075,0.0,0.00375,0.0,0.01625,0.1025,0.88875,0.06,0.0,0.0,0.0
0.0,0.0,0.0,0.0,0.0,0.0,0.0,0.00125,0.0725,0.8475,0.045,0.00125,0.0
0.0,0.0,0.0,0.0,0.0,0.0,0.0,0.0,0.0075,0.07625,0.87125,0.08125,0.00125
0.0,0.0,0.0,0.0,0.0,0.0,0.0,0.0,0.01,0.01375,0.08375,0.86125,0.1175
0.0,0.0,0.0,0.0,0.0,0.0,0.0,0.0,0.0,0.0025,0.0,0.05625,0.88125
