1.0,0.18875,0.0175,0.0,0.01,0.0,0.0,0.0,0.0,0.0,0.0,0.0,0.0,0.0,0.0
0.0,0.64125,0.065,0.0,0.0,0.0,0.00125,0.0,0.0,0.0,0.0,0.0,0.0,0.0,0.0
0.0,0.15625,0.7425,0.04,0.0,0.0,0.0,0.0,0.0,0.0,0.0,0.0,0.0,0.0,0.0
0.0,0.01375,0.16875,0.905,0.03125,0.00625,0.0,0.005,0.0,0.0,0.0,0.0,0.0,0.0,0.0
0.0,0.0,0.00625,0.05375,0.835,0.0625,0.01,0.005,0.0,0.0,0.0,0.0,0.0,0.0,0.0
0.0,0.0,0.0,0.00125,0.11375,0.82875,0.065,0.01625,0.01125,0.0,0.0,0.0,0.0,0.0,0.0
0.0,0.0,0.0,0.0,0.0075,0.08,0.755,0.05,0.00875,0.0,0.0,0.0,0.0,0.0,0.0
0.0,0.0,0.0,0.0,0.0025,0.0175,0.14625,0.815,0.03125,0.00375,0.0,0.0,0.0,0.0,0.0
0.0,0.0,0.0,0.0,0.0,0.005,0.02,0.10125,0.84875,0.02125,0.0,0.0,0.0,0.0,0.0
0.0,0.0,0.0,0.0,0.0,0.0,0.0025,0.0075,0.095,0.92125,0.0375,0.0,0.0,0.0,0.0
0.0,0.0,0.0,0.0,0.0,0.0,0.0,0.0,0.005,0.0375,0.89125,0.105,0.0025,0.0,0.0
0.0,0.0,0.0,0.0,0.0,0.0,0.0,0.0,0.0,0.00625,0.06375,0.79125,0.11625,0.00875,0.0
0.0,0.0,0.0,0.0,0.0,0.0,0.0,0.0,0.0,0.0,0.0075,0.08375,0.7225,0.185,0.025
0.0,0.0,0.0,0.0,0.0,0.0,0.0,0.0,0.0,0.00375,0.0,0.02,0.10125,0.6125,0.1075
0.0,0.0,0.0,0.0,0.0,0.0,0.0,0.0,0.0,0.00625,0.0,0.0,0.0575,0.19375,0.8675
