1.0,0.0225,0.005,0.0,0.0,0.0,0.0,0.0,0.0,0.0,0.0
0.0,0.93375,0.045,0.00125,0.0,0.0,0.0,0.0,0.0,0.0,0.0
0.0,0.0425,0.86125,0.06625,0.01375,0.0,0.0,0.0,0.0,0.0,0.0
0.0,0.00125,0.07875,0.78625,0.04125,0.0025,0.0,0.0,0.0,0.0,0.0
0.0,0.0,0.01,0.13875,0.8525,0.00875,0.0,0.0,0.0,0.0,0.0
0.0,0.0,0.0,0.0075,0.0925,0.94125,0.01875,0.0,0.0,0.0,0.0
0.0,0.0,0.0,0.0,0.0,0.0475,0.96,0.06125,0.0025,0.0,0.0
0.0,0.0,0.0,0.0,0.0,0.0,0.02125,0.91875,0.0825,0.00375,0.0
0.0,0.0,0.0,0.0,0.0,0.0,0.0,0.02,0.82,0.085,0.0025
0.0,0.0,0.0,0.0,0.0,0.0,0.0,0.0,0.09,0.7925,0.0875
0.0,0.0,0.0,0.0,0.0,0.0,0.0,0.0,0.005,0.11875,0.91
