1.0,0.08875,0.00625,0.0,0.0,0.0,0.0,0.0,0.0,0.0,0.0,0.0,0.0,0.0
0.0,0.7875,0.04125,0.0025,0.0,0.0,0.0,0.0,0.0,0.0,0.0,0.0,0.0,0.0
0.0,0.1025,0.80875,0.0325,0.0,0.0,0.0,0.0,0.0,0.0,0.0,0.0,0.0,0.0
0.0,0.01125,0.14,0.92875,0.08625,0.0025,0.00375,0.0,0.0,0.0,0.0,0.0,0.0,0.0
0.0,0.0,0.00125,0.03125,0.805,0.06125,0.0025,0.0,0.0075,0.0,0.0,0.0,0.0,0.0
0.0,0.0,0.0025,0.005,0.0825,0.8025,0.1,0.02375,0.0025,0.0,0.0,0.0,0.0,0.0
0.0,0.0,0.0,0.0,0.01375,0.1,0.775,0.065,0.00875,0.0,0.0,0.0,0.0,0.0
0.0,0.0,0.0,0.0,0.01,0.0325,0.11125,0.785,0.06375,0.0,0.0,0.0,0.0,0.0
0.0,0.0,0.0,0.0,0.0025,0.00125,0.0075,0.11,0.81,0.02625,0.00125,0.0,0.0,0.0
0.0,0.0,0.0,0.0,0.0,0.0,0.0,0.01625,0.10125,0.9025,0.0175,0.00875,0.0,0.0
0.0,0.0,0.0,0.0,0.0,0.0,0.0,0.0,0.00625,0.06125,0.87625,0.05875,0.00125,0.0
0.0,0.00125,0.0,0.0,0.0,0.0,0.0,0.0,0.0,0.01,0.08625,0.8575,0.135,0.0025
0.0,0.00875,0.0,0.0,0.0,0.0,0.0,0.0,0.0,0.0,0.01875,0.045,0.73125,0.10875
0.0,0.0,0.0,0.0,0.0,0.0,0.0,0.0,0.0,0.0,0.0,0.03,0.1325,0.88875
