1.0,0.0575,0.00125,0.0,0.0,0.0,0.0,0.0,0.0,0.0
0.0,0.865,0.0675,0.0025,0.01,0.0,0.0,0.0,0.0,0.0
0.0,0.065,0.835,0.03625,0.01125,0.0,0.0,0.0,0.0,0.0
0.0,0.0125,0.095,0.84875,0.01875,0.00125,0.0,0.0,0.0,0.0
0.0,0.0,0.00125,0.105,0.8675,0.01125,0.0,0.0,0.0,0.0
0.0,0.0,0.0,0.0075,0.07625,0.9125,0.0275,0.0,0.0,0.0
0.0,0.0,0.0,0.0,0.01625,0.05875,0.9325,0.05875,0.0,0.0
0.0,0.0,0.0,0.0,0.0,0.01375,0.03625,0.8475,0.11125,0.0
0.0,0.0,0.0,0.0,0.0,0.0025,0.00375,0.0825,0.83375,0.115
0.0,0.0,0.0,0.0,0.0,0.0,0.0,0.01125,0.055,0.885
