1.0,0.14125,0.01125,0.0,0.00125,0.0,0.0,0.0,0.0,0.0,0.0,0.0,0.0,0.0,0.0,0.0
0.0,0.69875,0.15125,0.0125,0.00375,0.00125,0.0,0.0,0.0,0.0,0.0,0.0,0.0,0.0,0.0,0.0
0.0,0.13625,0.6875,0.14125,0.0125,0.0025,0.00125,0.0,0.0,0.0,0.0,0.0,0.0,0.0,0.0,0.0
0.0,0.0125,0.115,0.725,0.08625,0.00375,0.00375,0.0,0.0,0.0,0.0,0.0,0.0,0.0,0.0,0.0
0.0,0.00125,0.0275,0.1125,0.80875,0.0775,0.00375,0.0,0.00125,0.0,0.0,0.0,0.0,0.0,0.0,0.0
0.0,0.0,0.0025,0.00625,0.06125,0.7975,0.06875,0.005,0.0075,0.0,0.0,0.0,0.0,0.0,0.0,0.0
0.0,0.0,0.0,0.0025,0.02,0.115,0.84625,0.0825,0.01625,0.0,0.00125,0.0,0.0,0.0,0.0,0.0
0.0,0.0,0.005,0.0,0.00625,0.0025,0.065,0.81625,0.08125,0.0,0.0075,0.0,0.0,0.0,0.0,0.0
0.0,0.0,0.0,0.0,0.0,0.0,0.01,0.09,0.80625,0.0475,0.00125,0.0,0.0,0.0,0.0,0.0
0.0,0.0025,0.0,0.0,0.0,0.0,0.00125,0.00625,0.0875,0.8325,0.0275,0.00875,0.00125,0.0,0.0,0.0
0.0,0.0075,0.0,0.0,0.0,0.0,0.0,0.0,0.0,0.11625,0.905,0.03875,0.00875,0.0,0.0,0.0
0.0,0.0,0.0,0.0,0.0,0.0,0.0,0.0,0.0,0.00375,0.0475,0.9075,0.08375,0.0,0.0,0.0
0.0,0.0,0.0,0.0,0.0,0.0,0.0,0.0,0.0,0.0,0.0,0.035,0.835,0.0925,0.00625,0.0
0.0,0.0,0.0,0.0,0.0,0.0,0.0,0.0,0.0,0.0,0.00125,0.01,0.07,0.78875,0.16375,0.02
0.0,0.0,0.0,0.0,0.0,0.0,0.0,0.0,0.0,0.0,0.00875,0.0,0.00125,0.08625,0.66125,0.185
0.0,0.0,0.0,0.0,0.0,0.0,0.0,0.0,0.0,0.0,0.0,0.0,0.0,0.0325,0.16875,0.795
