1.0,0.04375,0.00125,0.0,0.0,0.0,0.0,0.0,0.0,0.0,0.0,0.0
0.0,0.89875,0.0325,0.0025,0.0,0.0,0.0,0.0,0.0,0.0,0.0,0.0
0.0,0.0275,0.83625,0.0825,0.005,0.00125,0.0,0.0,0.0,0.0,0.0,0.0
0.0,0.01,0.115,0.85625,0.065,0.0175,0.00125,0.0,0.0,0.0,0.0,0.0
0.0,0.0,0.01375,0.05625,0.7775,0.065,0.0125,0.0,0.0,0.0,0.0,0.0
0.0,0.0075,0.00125,0.0,0.11875,0.7875,0.05,0.00125,0.0,0.0,0.0,0.0
0.0,0.0025,0.0,0.0025,0.03375,0.11875,0.8325,0.02,0.0025,0.0,0.0,0.0
0.0,0.01,0.0,0.0,0.0,0.01,0.09375,0.93375,0.0425,0.0,0.0,0.0
0.0,0.0,0.0,0.0,0.0,0.0,0.01,0.03375,0.88375,0.0325,0.005,0.0
0.0,0.0,0.0,0.0,0.0,0.0,0.0,0.01125,0.07,0.87625,0.0875,0.0
0.0,0.0,0.0,0.0,0.0,0.0,0.0,0.0,0.00125,0.09125,0.75375,0.13
0.0,0.0,0.0,0.0,0.0,0.0,0.0,0.0,0.0,0.0,0.15375,0.87
