R, base, category, pbits, acells, f, raw_ber, tag, n, k, ecc_overhead, total_cells
[4, 2.0, 'Rfix', 4, 0, 8, 0.003750000000000031, 'RS', 1024, 974, 1.051334702258727, 2.102669404517454]
[4, 2.0, 0.003750000000000031, 7.660410362565644e-14, 'RS', 1024, 974, 51, 1024]
[8, 3.0, 'Rfix', 4, 0, 8, 0.043749999999999956, 'RS', 1024, 824, 1.2427184466019416, 1.6569579288025889]
[8, 3.0, 0.043749999999999956, 7.701153626505299e-14, 'RS', 1024, 824, 201, 1024]
[16, 4.0, 'Rfix', 4, 0, 8, 0.25125, 'RS', 1024, 298, 3.436241610738255, 3.436241610738255]
[16, 4.0, 0.25125, 8.412848085299331e-14, 'RS', 1024, 298, 727, 1024]
Runtime overhead =  62.450984477996826
[4, 2.0, 'Rfix', 4, 0, 8, 0.125, 'RS', 1022, 600, 1.7033333333333334, 3.4066666666666667]
[4, 2.0, 0.125, 9.97922386742792e-14, 'RS', 1022, 600, 423, 1024]
[8, 3.0, 'Rfix', 4, 0, 8, 0.2234848484848485, 'RS', 1021, 361, 2.8282548476454292, 3.771006463527239]
[8, 3.0, 0.2234848484848485, 9.304909392432695e-14, 'RS', 1021, 361, 661, 1024]
[16, 4.0, 'Rfix', 4, 0, 8, 0.33875, 'RS', 1021, 103, 9.912621359223301, 9.912621359223301]
[16, 4.0, 0.33875, 9.273510961220222e-14, 'RS', 1021, 103, 919, 1024]
Runtime overhead =  171.57555723190308
